       N       E                     dE             d eps       ncg     rms          ort
DAV:   1     0.562615434831E+02    0.56262E+02   -0.84355E+03  6176   0.159E+02
DAV:   2    -0.194977294014E+00   -0.56457E+02   -0.54634E+02  6176   0.591E+01
DAV:   3    -0.136049032258E+01   -0.11655E+01   -0.11641E+01  6176   0.802E+00
DAV:   4    -0.136167993111E+01   -0.11896E-02   -0.11900E-02  6176   0.301E-01
DAV:   5    -0.136168084331E+01   -0.91221E-06   -0.93399E-06  6176   0.830E-03
SDA:   6    -0.125085643712E+02   -0.11147E+02   -0.93399E-06  6176   0.257E+00 0.000E+00
CGA:   7    -0.125487348883E+02   -0.40171E-01   -0.43930E-01  6176   0.279E-01 0.474E-01
CGA:   8    -0.125576500704E+02   -0.89152E-02   -0.85771E-02  6176   0.112E-02 0.383E-02
CGA:   9    -0.125581763065E+02   -0.52624E-03   -0.52683E-03  6176   0.134E-03-0.186E-05
CGA:  10    -0.125582351988E+02   -0.58892E-04   -0.58081E-04  6176   0.129E-04 0.356E-05
CGA:  11    -0.125582408725E+02   -0.56737E-05   -0.56876E-05  6176   0.211E-05-0.400E-07
CGA:  12    -0.125582416344E+02   -0.76191E-06   -0.18213E-05  6176   0.204E-05-0.172E-05
   1 F= -.12558242E+02 E0= -.12558242E+02  d E =-.985538E-07  mag=     0.0000
 imaginary and real dielectric function
